Layer 0 (4 neurons, each with 4 inputs):
[[-0.2083789237027353, -0.028133413613164737, -1.068098047834227, 0.8201354042024943],
 [-0.8967177925974316, -0.420873682828102, 0.2514407085790214, -0.6226440433036158],
 [-0.5289761094311695, -0.45450380746342467, 0.27572702227321216, 1.1461040064074788],
 [0.02076969649920173, -0.5589627225567584, 0.2695291602903944, -0.2980798499032335]]
Layer 1 (3 neurons, each with 4 inputs):
[[-0.009565248260575738, 0.5875006097501455, -0.3739354746469312],
 [0.004512625486662562, -0.439053946620171, -0.07821708519231182],
 [0.12828522600064782, -0.4943895243848109, -0.16941098301459817],
 [-0.11809201542630064, -0.3188275062421506, -0.5938061431926421]]
