[[ 0.78693466,  0.00260829, -0.52798853,  0.92084359],
 [ 0.85578172,  0.50035073,  0.14404296, -0.03027512],
 [-0.43132144, -0.26774606, -0.89238543, -0.86610821],
 [ 0.87852929,  0.08643093, -0.51677491, -0.03856048]],
[[-0.36415303,  0.40740717,  0.50542251, -0.59614972],
 [ 0.59996569, -0.69599694, -0.74805606,  0.61728582],
 [ 0.50074242, -0.85998174, -0.33990181, -0.50978041],
 [-0.92183461,  0.90926905, -0.44542875, -0.09638122]],
[[-0.11044091, -0.67848051, -0.70275169],
 [-0.65093601,  0.4998441,   0.95182468],
 [-0.62298891, -0.00173666,  0.59165978],
 [-0.72568407,  0.90145892,  0.39221916]]
