D 0.9527011  0.1270073  0.06984883 0.92627649
V 0.10803036 0.93972726 0.04528605 0.87264562
D 0.9776013  0.14839925 0.11218514 0.86430423
V 0.94545962 0.09137356 0.9390162  0.14921382
V 0.74901038 0.16838041 0.95222657 0.13027695
D 0.94906454 0.13603673 0.05232064 0.88853737
D 0.89314059 0.18262359 0.04580142 0.90052232
D 0.90758472 0.08266044 0.14241165 0.73722894
D 0.88797408 0.07861616 0.05935089 0.99184844
D 0.89389626 0.01315039 0.05589658 0.88360074
V 0.06023596 0.88608624 0.09690777 0.87458746
V -0.03897904  0.97114845  0.09607389  0.89876028
V  0.93495115  0.08349919  0.90403159 -0.0070487 
V 0.88194587 0.16890311 0.95090164 0.12655593
H 0.05745279 0.04188329 0.85522139 0.87978346
D 0.88069054 0.09964842 0.08817125 0.95966593
H 0.00569678 0.08399489 0.82976282 0.9160498 
V 0.89156511 0.10712792 0.85392113 0.15416738
H 0.90915016 0.83347292 0.13438345 0.10798006
D 0.90206958 0.09083461 0.13443822 0.81452137
V 0.98889385 0.18954343 0.871442   0.09382029
V 1.04459425 0.16496683 0.87844834 0.11733301
D 0.9012436  0.08491488 0.13111982 0.93395741
H 0.86642049 0.87344034 0.15087515 0.01078926
D 0.88596551 0.07860872 0.09101449 0.79833127
D 0.92727415 0.11209343 0.15172281 0.91139884
V 0.91589766 0.02811366 0.95353346 0.21694592
H 0.91837007 0.84043941 0.09141732 0.09607489
D 0.92911005 0.03825288 0.07213288 0.89182045
D 0.89687012 0.12557032 0.08387493 0.84146422
H 0.11782184 0.13090125 0.91385026 0.93927415
H 0.93673115 0.93580762 0.085314   0.22346664
V 0.09089354 0.84821168 0.09604539 0.86431988
H 0.16798524 0.04028878 0.84620302 0.97472288
H 0.84440475 0.93485545 0.09975416 0.1497661 
D 0.91849152 0.13586355 0.05901297 0.91967166
H 0.08441175 0.12442071 0.89106827 0.89589254
H 0.16354042 0.0543276  0.8989646  0.87040926
V 0.92828823 0.10925717 0.9506517  0.10085276
D 0.92728484 0.16482632 0.20113571 0.80974484
V 0.13686378 0.99685939 0.10452924 0.9612362 
H 0.97692767 0.85626485 0.10078843 0.20835504
D 0.91193718 0.14250248 0.02826534 0.86967896
D 0.89026793 0.0998455  0.08498474 0.91316779
V 0.04360276 0.80347747 0.13615357 0.91069306
V 0.08468113 0.86154987 0.06893568 0.93717331
V 0.108406   0.83480833 0.11427076 0.83928646
V 0.09946281 0.96551341 0.06896031 0.84253716
H 0.16439967 0.15228104 0.88271423 0.90090625
V 0.11802111 0.86994119 0.06328634 0.91183705
V 0.0810924  0.91971577 0.12335208 0.90709237
D 0.86830442 0.17831934 0.19808063 0.77885538
V 0.03724696 0.87584307 0.10588643 0.91282668
V 0.12560838 0.8958472  0.03165065 0.94200981
H 0.05832427 0.04175106 1.00158717 0.89529064
V 0.17213181 0.83002424 0.13982345 0.86434977
H  0.93304249  0.97709976 -0.03654099  0.18200198
D 0.94955081 0.05956925 0.03753714 0.82586765
V 0.86332928 0.16276345 0.94598866 0.0882796 
D 0.89770652 0.08786092 0.02521961 0.88946165
D 0.91611021 0.12037576 0.07717546 0.92462283
H 0.87608262 0.9133348  0.15888892 0.10513641
H 0.90777455 0.90497217 0.09564368 0.1686903 
D 0.90040319 0.17899073 0.04221595 0.88656012
H  0.85474815  0.93859539  0.10944777 -0.00720846
D 0.87025608 0.13366015 0.12683431 0.85623599
D 0.88837536 0.06861812 0.01581501 0.90794574
D 0.95365245 0.05692305 0.14529395 0.79358787
D 0.9437182  0.04716557 0.0569689  0.88740441
H 0.90104922 0.99401543 0.0852014  0.05795013
D 0.93715413 0.09092567 0.1177853  0.89187571
D 0.8682762  0.09181203 0.24454423 0.86903445
H 0.09436609 0.07639688 1.00765008 0.81385661
D 0.82107949 0.10077628 0.10354909 0.8607023 
V 0.86379876 0.03082018 0.79853151 0.12678265
V 0.01559404 0.92761164 0.139391   0.87341491
D 0.87428683 0.14633    0.11509305 0.82921669
V 0.95792046 0.03450572 0.91768527 0.0519952 
D 0.96274518 0.10665963 0.16265666 0.85437284
D 0.92265838 0.12696037 0.09433301 0.87772853
H 0.92964067 0.90022836 0.2438189  0.13214985
V 0.11934092 0.92982966 0.04249718 0.96681476
D 1.04676567 0.10436505 0.1385237  0.92190474
V 0.9880644  0.03870026 0.86224297 0.04138248
H 0.10410554 0.11625394 0.90460866 0.80610586
H 0.14352701 0.13779912 0.83701541 0.87848795
V 0.87864479 0.12871971 0.90517279 0.03331208
D 0.93934916 0.01027368 0.02969445 0.91598166
H 0.86470166 0.9927161  0.17134893 0.14131951
D 0.94726412 0.11672868 0.07039453 0.93401585
V -0.01286536  0.87837034  0.07941409  0.89609224
V 0.88334577 0.06097883 0.83849064 0.11689604
V 0.96501734 0.05811254 0.97084259 0.14105787
H 0.08387369 0.0473509  0.97733574 0.79381922
V 0.10030653 0.92653298 0.06517231 0.94262918
V 0.0544611  0.9495248  0.02993946 0.95445768
H 0.90696796 0.89944306 0.10427835 0.05241348
H 0.01437396 0.02407499 0.91624734 0.98572241
H  9.11040702e-01  9.23619671e-01  1.30514370e-01 -6.04760773e-04
D 0.92112322 0.08999082 0.05265006 0.9291204 
D 0.93306373 0.10376797 0.10240895 0.91222469
D 0.87255655 0.12714113 0.1017999  0.94710408
D 0.85443811 0.0518981  0.13687417 0.83640415
V 0.81521021 0.09865559 0.90662127 0.00328762
H 0.86001597 0.93907178 0.09793918 0.1650183 
V 0.97681665 0.07661633 0.96578151 0.19049089
V 0.11676782 0.92019088 0.21604696 0.93131153
H 0.0926828  0.08202447 0.83972943 0.91087606
H 0.86464215 0.9235931  0.10292641 0.05888902
H 0.97380392 0.91617368 0.0656434  0.08142252
H 0.13989534 0.13415666 0.94817434 0.9506394 
D 0.94798112 0.19469419 0.13364485 0.85535833
V 1.02191406 0.06476348 0.91090586 0.11550298
D 0.93495129 0.07726787 0.04797311 0.9244595 
H 0.936629   0.90686096 0.0696084  0.09237618
H 0.71829032 0.98504661 0.17041623 0.16704544
H 0.80622155 0.9155236  0.15413859 0.0551318 
D 0.90976147 0.13151313 0.06167308 0.95996141
H 0.81011148 0.98424574 0.02394562 0.02648659
D 0.91712855 0.17118817 0.0082523  0.88612752
V 0.19080278 0.84512554 0.15837144 0.81826878
D 0.90990277 0.04250257 0.1285992  0.85720082
H 0.91295683 0.83598874 0.18488317 0.02479404
D 0.90461067 0.11505077 0.09020952 0.85425977
V 0.04351912 0.9176729  0.08873044 0.96300147
V 0.93707688 0.1647273  0.9740748  0.13129563
V -0.01646261  0.90791029  0.14333245  0.9729335 
V 0.23286149 0.85830888 0.1435841  0.93857309
V 0.05324829 0.91939069 0.1272252  0.92361824
H 0.09676953 0.12533    0.98290811 0.89912061
H 0.95235014 0.93917514 0.10301162 0.08674097
H 0.98473208 0.85130546 0.12940194 0.15167368
H 0.96478833 0.91005556 0.1261688  0.11181158
D 0.94313877 0.11632974 0.13369155 0.87803208
H 0.10636363 0.14562126 0.86420159 0.91273587
V 0.06932778 0.86599286 0.12286327 0.89639092
H 0.81156018 0.87998601 0.06438226 0.13545701
D 0.8456222  0.10076142 0.0078639  0.97577757
V 0.00272596 0.89532865 0.07828604 0.80389307
V 0.14400446 0.88106784 0.12871023 0.90740804
D 0.93801461 0.11031788 0.06783892 0.89869015
H 0.05184723 0.13268589 0.83937748 0.8666357 
V -4.00077364e-04  9.64890390e-01  1.66602269e-01  8.80234388e-01
D 0.82678558 0.18743067 0.09489528 0.8842675 
V 0.11139886 0.91755647 0.04904255 0.88086813
D 0.9621795  0.09085402 0.06599189 0.88557175
H 0.14512381 0.11627109 0.90793152 0.91218497
V 0.87996995 0.02217925 0.96602214 0.10684595
H 0.95424831 0.92839153 0.12884292 0.02254508
H 0.81665983 0.94328676 0.13063609 0.11111436
V 0.07967845 1.00119527 0.12650952 0.80918873
H 0.93252892 0.8513742  0.14215596 0.14060677
H 0.87298445 0.84799888 0.13340695 0.16510067
D 0.91859022 0.08413237 0.06419568 0.93363692
D 0.90790201 0.05711298 0.05609105 0.930998  
V 0.11839871 0.87653349 0.26628844 0.97685153
V 0.94169873 0.1132765  0.82875961 0.09569102
D 0.86700116 0.05845384 0.14957222 0.86285062
V 0.11541979 0.87879355 0.13741307 0.80261236
H 0.92971154 0.97062754 0.1439894  0.13603811
D 0.92064707 0.07868445 0.18941981 0.86473028
D 0.84921828 0.10714939 0.01371606 0.94703995
H 0.94639269 0.88429254 0.12864618 0.09435991
D 0.95310647 0.17270173 0.04570859 0.96582957
D  9.14262381e-01 -3.47926902e-04  7.77735060e-02  9.83067692e-01
V 0.84312146 0.11246477 0.97275801 0.08465333
V 0.12596329 0.90524132 0.05244184 0.96551806
V 0.06750041 0.81358008 0.03839871 0.84055027
V 0.85886229 0.03787647 0.95960391 0.0706242 
D 0.82542016 0.15290632 0.08864959 0.9769765 
V 0.04428243 0.81028676 0.02729033 0.88069913
V 0.04763736 0.94836306 0.13772107 0.87771923
D 0.97802063 0.12363036 0.06467342 0.82073255
H 0.84769823 0.80055373 0.11058698 0.08005343
H 0.02938472 0.10165275 0.8282738  0.90014956
V 0.10938331 0.86730726 0.09894486 1.04194908
V 0.92253155 0.21671929 0.83629729 0.08984362
D 0.90153819 0.08059547 0.11059484 0.88573621
H 0.07495808 0.07999549 0.83833549 0.86469397
V 0.8602993  0.07015824 0.8535748  0.16337067
D 0.86813709 0.02526837 0.08840381 0.81840069
D 0.94993895 0.10827679 0.18359123 0.87098063
V 1.04093688 0.12160775 0.83961541 0.09314733
H 0.06578042 0.16672846 1.05594738 0.87828995
H 0.12553647 0.16434643 0.96737029 0.86597978
V  1.01297144  0.07459806  0.93692285 -0.00492335
H 0.12895533 0.07351307 0.93489996 0.93021562
V 0.08690652 0.85027793 0.11285269 0.76958073
H 0.1237152  0.12196041 0.90359331 1.01897449
V 0.13859769 0.87485143 0.02455622 0.93000597
H 0.91435723 0.90952564 0.09897375 0.14651391
H 0.85823416 0.93535082 0.06025702 0.14748698
D 0.82119638 0.08969908 0.12254614 0.85215886
D 0.89457817 0.09147759 0.01598966 0.87491723
H 0.83492709 0.97117662 0.13159433 0.1352108 
D 0.94602227 0.06598752 0.05302199 0.86354036
D 0.92667186 0.16558958 0.08731795 0.91047377
D 0.78847947 0.09577917 0.04864629 0.82613796
V 0.88645681 0.1519929  0.8777039  0.12032653
H 0.86658761 1.00190253 0.0826268  0.08841582
D  0.83815557 -0.00879919  0.12755274  0.88480672
H 0.09267874 0.07755205 0.93332122 0.85354383
D 0.8880717  0.11104222 0.13062316 0.90028529
D 0.93993368 0.17553537 0.06344334 0.91381182
H 0.04044482 0.1848551  0.88659023 0.97970581
H 0.10446305 0.21416181 0.89336827 0.96634353
V 0.06776178 0.8878605  0.07441285 0.98456173
V 0.81367038 0.06134731 0.91413627 0.16428862
D 0.96953447 0.12094131 0.11939586 0.96859504
V 0.90349609 0.13035905 0.80943369 0.05747547
D 0.82371724 0.07233708 0.10125198 0.84107689
D 0.87978577 0.06002419 0.07735777 0.88897519
V 0.93278118 0.12472569 0.80827594 0.1168006 
H 0.90405802 0.88134794 0.07748082 0.03865519
V 0.2543836  0.91932378 0.18566118 0.9107454 
V 0.09373922 0.9267566  0.10901985 0.82059943
V 0.93467719 0.0397364  0.95192294 0.03411978
V 0.90424312 0.06747012 0.89618844 0.16114061
D 0.94187185 0.13616648 0.07535272 0.96804302
H 0.16360451 0.10501319 0.87291977 0.84932142
H 0.8597047  0.86938943 0.08572905 0.2270509 
H 0.02897221 0.09372189 0.86043318 0.81092836
V 0.16349141 0.93631573 0.11949495 0.89806194
V 0.84972851 0.16367906 0.95841712 0.17836765
V 0.80481061 0.09052334 0.89570157 0.12750683
V 0.86044013 0.17468326 0.8785494  0.11018635
D  0.82859202  0.08657    -0.03689381  0.92734932
V 0.95471191 0.04363385 0.89275254 0.10850701
H 0.91801949 0.91167615 0.14815689 0.0708715 
H 0.10526849 0.07130993 0.92183097 0.94186104
D 0.88090744 0.07544081 0.12800064 0.89917128
V 0.96440957 0.10307799 0.87607269 0.13906044
V 0.13505212 0.87346383 0.09002314 0.93736811
V 0.13620412 0.88443392 0.13026471 0.82894924
V 0.13294968 0.95478079 0.10620639 0.83272383
V 0.02201823 0.91812887 0.11659427 0.8911923 
H 1.03103956 0.87292402 0.07053309 0.07720645
V 0.87261962 0.1453387  0.91162867 0.13087222
V 0.11893983 0.90733082 0.12494266 0.8583295 
V 0.07209693 0.90972799 0.08025134 0.93794173
V 0.91933247 0.18577445 0.90722255 0.04460464
V 0.88461819 0.00933164 1.00304131 0.13593762
H 0.86273258 0.92773797 0.12747904 0.07309006
V 0.88833708 0.07545962 0.84858149 0.14056856
V 0.9266125  0.0681094  0.89750562 0.06492285
V 0.0788081  0.9464037  0.14877696 0.82978735
H 0.05931471 0.07919681 0.854437   0.94248194
H 0.12552718 0.17764277 0.90954694 0.90227701
V 0.08429454 0.86984477 0.10272052 0.85247215
V 0.09268173 0.77956543 0.14978474 0.9260887 
H 0.90659294 0.94029181 0.09316941 0.06815423
H 0.17918287 0.07499143 0.91357116 0.85117281
V 0.95450321 0.17348094 0.85677847 0.08538327
H 0.12325701 0.12286014 0.90251168 0.92313349
D 0.9541578  0.24111314 0.08182218 0.81504838
D 0.87018181 0.20690091 0.16365834 0.86123095
V 0.87938636 0.08824825 0.90220086 0.20352744
V 0.87733664 0.1490564  0.88860001 0.15547366
V 0.92934727 0.12254475 0.93286606 0.09755825
H 0.89339395 0.92184381 0.03269917 0.09802146
V 0.08673606 0.81464962 0.10966505 0.88126915
D 0.94948349 0.12885135 0.14637008 0.87002742
H 0.81788739 0.86086415 0.05221399 0.11742985
D 0.94257398 0.12637966 0.08279398 0.92933882
V 0.80342266 0.11791395 0.89954678 0.04953481
V 0.10707871 0.8267608  0.03381152 0.87367024
H 0.81511696 0.91846845 0.13271895 0.12314026
D 0.915326   0.11126657 0.18169572 0.87905085
D 0.89268329 0.03847804 0.07366554 0.94600944
V 0.9314143  0.0688768  0.90552762 0.12963506
D 0.95691606 0.08069838 0.11201313 0.87978958
H 0.12094794 0.07411225 0.93333492 0.82543491
D 0.89560106 0.17277432 0.09939814 0.9174077 
H 0.90917565 0.83918625 0.0952916  0.18880498
H 0.08062047 0.16968276 0.86459598 0.92720451
V 0.89143741 0.09625962 0.89458195 0.08713849
D 0.947815   0.08732788 0.13930525 0.95952712
V 0.93101258 0.18453514 0.92296555 0.09849865
V 0.11119317 0.90219261 0.07694038 0.90257062
H 0.13790465 0.18442092 0.75655742 0.88811443
H -0.01089212  0.02373473  0.8685654   0.92133058
H 0.036732   0.10871485 0.91371579 0.91263316
V 0.99143644 0.17406255 0.88212292 0.12966459
H 0.90517688 1.01975479 0.10286213 0.1169956 
D 0.9030669  0.10718938 0.0616704  0.9266503 
D 0.89392807 0.14376065 0.10092038 0.85809371
V 0.12082649 0.86376483 0.08181835 0.78418198
D 0.88677627 0.13952113 0.11002787 1.03104059
D 0.88144487 0.03209654 0.03361001 0.89691688
V 0.16784056 0.87563069 0.11418978 0.91569412
D 0.80293572 0.05856379 0.01346155 0.87689473
H 0.09767253 0.02307942 0.81654654 0.93561177
V 0.9679183  0.15034569 0.93654479 0.18086385
D 0.846554   0.23436989 0.13751178 0.92885882
H 0.04357194 0.14706567 0.98084357 0.88327507
H 0.21049262 0.115208   0.85942384 0.93706038
V 0.85991964 0.13843158 0.91261926 0.01187733
V 0.92954144 0.08008082 0.86563638 0.0479586 
D 0.85082719 0.00129239 0.09275366 0.87779046
V 0.07104994 0.97113393 0.14130833 0.80248991
V 0.9788123  0.13123412 0.85886311 0.13192557
H 0.12441736 0.09720737 0.95910706 0.91069325
V 0.06806568 0.94023942 0.06887914 0.90362617
H 0.90908608 0.80909965 0.01725506 0.14816325
D 0.98511988 0.04812807 0.04587753 0.90860701
V 0.10918504 0.81501892 0.09893917 0.83920584
H 0.14170394 0.07151045 0.86789204 0.88461309
V 0.85452493 0.05345153 0.88989191 0.06747787
V 0.7650576  0.12018538 0.76599862 0.02750233
D 0.92833956 0.10935405 0.05517594 0.8996686 
H 0.79959221 0.94823245 0.14512359 0.11879181
V 0.12498806 0.90017351 0.09808467 0.83127346
H 0.17732221 0.05959176 0.89004294 0.90934831
H 0.0820066  0.07692615 0.99018721 0.86960864
V 0.05751961 0.96529742 0.08907144 0.81590103
V 0.94556941 0.14267719 0.91473114 0.09529602
D 0.9478572  0.14137093 0.04102065 0.96158577
V 0.15600633 0.87605932 0.08302554 0.86932863
H 0.05977526 0.10646949 0.86224968 0.86796895
H 0.12692382 0.12401395 0.83579636 0.88370665
V 0.92159829 0.15436483 0.94391214 0.02786792
V 2.94440787e-04 7.91322289e-01 8.96661063e-02 8.83399138e-01
V -0.02342561  0.96069148  0.06284844  0.8184023 
H 0.84987147 0.92831319 0.14124889 0.25270789
V 0.93079015 0.1184689  0.81209561 0.09185285
V 0.95070389 0.14636924 0.85968315 0.08663416
H 0.90468317 0.98271129 0.05226852 0.13932237
H 0.07824931 0.07204719 0.82122004 0.84871847
H 0.85459643 0.88405797 0.0371392  0.14806082
D 0.91414981 0.1177614  0.06585958 0.89611428
D 0.89742356 0.08120054 0.06079593 0.90673122
H  0.80745435  0.948948   -0.00392015  0.03548448
D 1.00047345 0.09658402 0.08890275 0.90086923
V 0.88282799 0.07325182 0.89357679 0.13226425
V 0.14755125 1.02318827 0.16344911 0.93112272
D  0.95312367  0.11997038 -0.01165286  0.91063911
D 0.9941826  0.0819468  0.08535197 0.86603936
V 0.87983721 0.11709878 0.93645902 0.03661549
V 0.18729966 1.02246014 0.0560356  0.91841455
V 0.85762489 0.1375726  0.88056789 0.11871992
H 0.01121666 0.15093786 0.92673318 0.89422443
D 0.9073154  0.09767704 0.10166504 0.91811124
H 0.94152903 0.87800364 0.08720095 0.10812574
V 0.0831151  0.92695482 0.11427237 0.89072672
D  0.95098923  0.05500074 -0.01191518  1.01446897
V 0.87135295 0.06743929 0.95479338 0.12752048
H 0.10105889 0.08113875 0.91279151 0.89016877
V 0.94688356 0.13944273 0.95625597 0.07709133
D 0.81115554 0.03537574 0.09431225 0.99807109
D  0.93109844 -0.00720712  0.07570419  0.91678914
V 0.1206843  0.83448026 0.10623067 0.87715675
H 0.75613102 0.85061866 0.06272655 0.06097975
H 0.99062522 0.94343723 0.01978837 0.09228512
D 0.98514821 0.14983343 0.01603561 0.84379389
V 0.07909651 0.87727595 0.0633107  0.8931098 
D 0.8083778  0.15588512 0.1747162  0.93098489
V 0.1020613  0.91713591 0.1134843  0.90254922
D 0.86707347 0.08952231 0.07941908 0.85138372
V 0.06169168 0.9951188  0.07337995 0.84892506
V 0.03971995 0.84430461 0.06877767 0.87508499
V 0.08087891 0.8797094  0.14361416 0.87244878
H 0.08890379 0.11357971 0.87392328 0.90852582
D 0.91288843 0.05470381 0.07660645 0.92081571
V 0.11866638 0.88630401 0.20028539 0.93301525
V 0.13699268 0.86556813 0.18067748 0.85685617
D  0.94766498 -0.00282194  0.0966789   0.96738124
D 0.89240781 0.12633473 0.08031193 0.93116893
D 0.95518803 0.04714988 0.0953895  0.90393878
H 0.06182491 0.16380861 0.84937187 0.93118571
D 0.84978284 0.12560407 0.08666341 0.84171695
H  0.91677515  0.91162512 -0.00268935  0.07326547
D 0.87843883 0.0755437  0.08419412 0.96900652
H 0.0275686  0.06394614 0.89353718 0.79930341
D 0.88968094 0.0454707  0.18537557 0.81054786
D 0.83670863 0.13324652 0.09127435 0.87486876
V 0.21463924 0.93492685 0.08836764 0.8426959 
H 8.06047389e-01 8.78245426e-01 1.05956300e-01 5.63620703e-04
D 0.88047117 0.05953148 0.15614037 0.88034482
D 0.84258376 0.19119777 0.14801014 0.98309897
H 0.81636051 0.85117606 0.07798125 0.17634332
V 0.88117956 0.13447334 0.86813042 0.10050274
D 0.93921103 0.08826375 0.10092137 0.94591393
H 0.06692755 0.07553967 0.90943781 0.95269903
V 0.06090827 0.88748631 0.0919281  0.96004806
V 0.09720422 0.86000618 0.11014794 0.87658613
D 0.95948275 0.11171793 0.13959045 0.91699773
D 0.87623314 0.06639558 0.10343516 0.90171044
D 0.93264847 0.05030486 0.12616239 0.89870071
D 0.9057742  0.05193764 0.170982   0.85282945
D 0.90194375 0.17726167 0.07775203 0.88876286
V 0.89368283 0.1433909  0.94819923 0.05347409
V 0.02665893 0.93070094 0.13309968 0.96913688
V 0.04031728 0.89625746 0.1536463  0.87362481
V 0.98158556 0.15898775 0.86998699 0.02341578
D 0.85650417 0.02521389 0.11951379 0.82474706
D 0.91663793 0.0540376  0.07313857 0.88098622
D 0.93965009 0.13014282 0.06686498 0.95330109
H 0.8711615  0.84903868 0.11734433 0.03139936
H 0.02666349 0.05740538 0.94063785 0.87192284
V 0.15102956 0.9655709  0.07657394 0.92195138
H 0.07456473 0.15445544 0.93151256 1.00612273
H 1.00145904 0.96866168 0.15629445 0.18043176
D 1.00644432 0.12245445 0.17546786 0.80901505
V 0.92535629 0.18081067 0.99185463 0.02871791
D 0.9045297  0.15799869 0.14793594 0.9325307 
V 0.16120926 1.01526016 0.17138439 0.96066859
V 0.95156155 0.04780889 0.96186886 0.05698648
V 0.18229017 0.86402364 0.1240429  0.8839072 
V 0.80084792 0.17837764 0.8950818  0.10588933
D 0.90457334 0.05776402 0.12463511 0.93778905
D 0.85089752 0.14248272 0.12675018 0.88792895
H 0.11732968 0.12347781 0.87584968 0.89809438
D  0.90347834  0.01873929 -0.0023508   0.94011024
H 0.06367378 0.05271364 0.91082719 0.94712531
V 0.10766014 0.88022753 0.10226725 1.00237322
V 0.12294672 0.95070883 0.05431629 1.02197132
V 0.82374191 0.06825053 0.94075265 0.14271835
V 0.85725992 0.09751202 0.89183239 0.06514707
V 0.92154208 0.08857724 0.87218427 0.12012814
H 0.88894247 0.91175704 0.07413469 0.04017884
V 0.12952428 0.86535517 0.03318807 0.80705758
V 0.84733447 0.18490863 0.93121622 0.04992156
V 0.87580179 0.07190718 0.95608616 0.08384752
D 0.88098779 0.07317671 0.11281361 0.85720457
H 0.09522389 0.05121871 0.90941472 0.87444258
V -0.01597482  0.85134     0.11677896  0.86572906
H 0.03162141 0.10175485 0.91583219 0.83211716
V 0.14294294 0.9557871  0.04373348 0.86973857
D 0.87477329 0.01762382 0.13274765 0.89383962
D 0.82480343 0.1467964  0.12894391 0.89302269
V 0.89491353 0.09497075 0.86654497 0.06858149
V 0.09009093 0.9376988  0.1196407  0.95015861
H 0.05272223 0.1230264  0.82664818 0.89522978
H 0.90725821 0.90531174 0.13125059 0.08801407
V 0.10493088 0.88436559 0.02203739 0.94595473
V 0.86572309 0.15425907 0.84330697 0.10929109
V 0.04930773 0.86596825 0.16417333 0.95479632
V 0.1257908  0.93730129 0.04515067 0.86792959
D  0.84909088 -0.02832973  0.05686544  0.87857625
D 0.89128719 0.09866111 0.1682472  0.90684896
D 0.95733163 0.08771576 0.09726565 0.86445837
V 0.12106964 0.88908953 0.10344202 0.90825076
V 0.11197428 0.98380526 0.04115312 0.84353325
D 0.90701908 0.20842586 0.00618484 0.93785631
D 0.90571668 0.05688624 0.12635947 0.8411774 
V 0.92380488 0.04880909 0.8754171  0.0225799 
D 0.83739441 0.03370963 0.21620729 0.8582358 
V 0.10808016 0.90830081 0.14110849 0.91328333
D 0.93317992 0.03709117 0.1068558  0.85397523
H 0.07126777 0.14805715 0.86018215 0.93793435
V 0.12017341 0.85482408 0.07146553 0.88553155
D 0.88901013 0.16547297 0.15601109 0.92257679
H 0.06690913 0.0281577  0.90653834 0.94235524
H 0.09858722 0.1259345  0.96703433 0.892096  
V 0.08579177 0.81548211 0.05992092 0.9053578 
H 0.09659512 0.08068115 0.82789202 0.93508064
H 0.8716661  0.82959662 0.14302349 0.08140255
H 0.14600897 0.10805183 0.88442319 0.91928042
D  0.84907156 -0.03136317  0.06296901  0.86311281
H 0.05115368 0.14817701 0.94877607 0.88425853
V 0.17072762 0.89606683 0.07392204 0.93010895
D 0.82491589 0.02993845 0.10716922 0.89587804
H 0.1135691  0.02274728 0.91658974 0.84543537
D 0.8863746  0.14730701 0.13666091 0.83426142
V 0.93268971 0.03595694 0.84576837 0.13441303
V 0.13455621 0.78100698 0.11184192 0.89632885
V 0.13737012 0.91350465 0.07148361 0.91506763
D 0.92518039 0.11630879 0.15172571 0.89202384
V 0.04367247 0.88581233 0.15974861 0.94894769
D 0.91742733 0.04460537 0.12285017 0.81483073
H 0.94604979 0.9823474  0.15801049 0.06039543
D 0.86414835 0.19476348 0.17805392 0.98109683
H 0.85191188 0.91466996 0.15347769 0.04665525
D 0.9094325  0.10493911 0.00235907 0.94113184
D  0.89817628 -0.00169128  0.04310173  0.8926327 
D 0.88819547 0.07168786 0.0906435  0.81967587
H 0.13317183 0.09780724 1.00011573 0.97503309
H 0.97120774 0.9769687  0.13975656 0.15184928
H 0.89038288 0.90265523 0.08734226 0.09833447
V 0.98842023 0.16956854 0.92740852 0.07201577
D 0.83435624 0.0952157  0.15183783 0.85266918
V 0.14815686 0.81411478 0.1054636  0.96669234
H 0.89200877 0.90028565 0.10992832 0.15244072
D 0.92028909 0.11488281 0.11602623 0.91580665
V 0.81986143 0.04743837 0.82619686 0.12576828
D 0.97277409 0.15482174 0.13746255 0.89752632
D 0.81106143 0.16870975 0.11148194 0.86580798
V 0.8791419  0.1798191  0.83343482 0.16777409
V 0.80215822 0.12609107 0.97241015 0.01633628
V 0.84041998 0.04983479 0.8582975  0.06949388
H 0.11083894 0.16905286 0.93690008 0.81150673
V 0.09788552 0.87129779 0.16041658 0.87923954
V 0.91817875 0.09956416 0.98664976 0.03069333
D 0.7960068  0.1839151  0.07430248 0.90571564
H 0.83243887 0.97380129 0.03597963 0.1320319 
V 0.04978127 0.92370647 0.13297814 0.88917483
V 0.06948643 0.93299698 0.12573607 0.86085238
D 0.95802077 0.08794467 0.13868905 0.83777499
H 0.11402311 0.17086739 0.91970081 1.00510132
V 0.08010727 0.93051497 0.1011818  0.83937025
H 0.1692277  0.11945563 0.86498865 0.8208994 
D 0.84083348 0.15217436 0.12727352 0.87390694
V 0.1360017  0.9491147  0.11922069 0.83762064
V 0.90479546 0.07588526 0.81151798 0.08717998
V 0.90610482 0.11923593 0.94163051 0.15145623
D 0.87115019 0.08719698 0.09904248 0.86314086
V 0.95110911 0.04098786 0.88449478 0.0693401 
V 0.95846441 0.05719918 0.94538644 0.088393  
D 0.98440338 0.17208751 0.07674198 0.88165022
V 0.10291753 0.93575319 0.11094713 0.97169248
V 0.1101118  0.93509384 0.13491074 0.87254315
V 0.78479105 0.03079633 0.85199882 0.13521266
D 0.95383515 0.0884334  0.07397943 0.89386797
D 0.95072376 0.08456576 0.13636039 0.96119697
H 0.13873225 0.11943993 0.85303791 0.8247881 
V 0.89855113 0.05437739 0.91368846 0.1482747 
H 0.83932848 0.88443128 0.05269813 0.0246306 
D 0.90673027 0.09241387 0.13232931 0.93437002
D 0.8785881  0.06291112 0.05998076 0.90098714
V 0.9125843  0.08752792 0.95322964 0.06110466
D 0.79585626 0.12810401 0.12970676 0.87676902
V 0.03772343 0.91389465 0.18148587 0.86226744
D 0.8871219  0.08426155 0.12802337 0.82652529
D 0.94012407 0.12254849 0.18097762 1.00694645
H 0.05749582 0.10052579 0.9885083  0.97611699
V 0.13758272 0.97864463 0.1736962  0.85086937
D 0.91188219 0.09580925 0.18634055 0.93535941
D 0.86534016 0.22469068 0.08895598 0.92863965
V 0.10734304 0.78144578 0.09945366 0.82365187
V 0.1638574  0.93161011 0.05014535 0.92940835
H 0.79642715 0.91021958 0.01225739 0.26625629
V 0.99290054 0.06144647 0.82141464 0.01091799
H 0.87245324 0.86365743 0.16365083 0.09926911
H 0.86288004 0.92545982 0.07599148 0.16119956
H 0.83284998 0.89923064 0.04560774 0.02959523
D  0.90743003 -0.03282605  0.11591894  0.87367136
D 0.86625615 0.11281056 0.12486952 0.95243995
H 0.8743784  0.85400325 0.07351089 0.1219062 
V 0.16069179 0.90442329 0.1152482  0.97823659
H 0.00664141 0.1699513  0.84109991 0.93308101
D 0.86275512 0.14578035 0.04830705 0.87696646
D 0.92496798 0.12370579 0.17975622 1.02230832
H 0.11314162 0.10822382 0.79146847 0.99022336
V 0.11482144 0.86926688 0.07297464 0.9150707 
H 0.78306337 0.94924363 0.12026693 0.08653633
H 0.13725121 0.18448504 0.92046561 0.86018857
V 0.90387413 0.07862635 0.95075018 0.04081965
D 0.8255209  0.05972453 0.22144294 0.88672023
H 0.91913614 0.89901794 0.08222997 0.09541886
D 0.95231825 0.06766793 0.05503192 0.9272997 
D 0.90122754 0.07149387 0.06720428 0.92083538
V 0.25026141 0.89782925 0.09106769 0.82015553
V 0.82695309 0.06014336 0.82866121 0.16900655
D 0.90970883 0.07974689 0.05286452 0.93197818
D 0.92192918 0.15398907 0.07331534 0.90095392
V 0.13851709 0.83649222 0.13399866 0.82122472
V 0.03945225 0.85828065 0.01417659 0.89778147
D 0.82288512 0.20606866 0.11763141 0.85164452
D 0.84569033 0.16607546 0.1210599  0.93026081
D 0.88409503 0.1170586  0.12466257 0.90343658
H 0.02457688 0.12087886 0.93782087 0.88784124
H 0.81132916 1.03691942 0.11213666 0.08494936
D 0.90180621 0.0502442  0.13946152 0.87074055
D 0.91026385 0.08925186 0.05518279 0.94879965
V 0.02402535 0.9194473  0.13639951 0.81540651
V 0.84543502 0.11787492 0.9964558  0.07217282
D 0.91091485 0.05661502 0.06660274 1.02478567
H 0.92698935 0.92573334 0.13746697 0.1087034 
V 0.08772578 0.95516787 0.05025968 0.87677022
V 0.10117014 0.83778244 0.07564206 0.87760785
H 0.16090011 0.0550257  0.82519462 0.87419871
V 0.83949399 0.09350877 0.92932852 0.1293427 
V 0.9234053  0.10099022 0.94130787 0.03121429
V 0.02498778 0.88087189 0.02740577 0.89033892
V 0.81620797 0.16190703 0.89748567 0.13416134
V 0.94972349 0.09141479 0.88211016 0.04243619
V 0.83727418 0.12548557 0.92362768 0.06021313
H 0.1503365  0.13678431 0.90028133 0.82399111
H 0.86224716 0.9215516  0.06804942 0.07648242
D 0.96748122 0.17884511 0.15662066 0.9007965 
V 0.0629802  0.96349877 0.12025126 0.88714879
H 0.88256047 0.95654549 0.06887611 0.11855961
V 0.01310015 0.83706611 0.06811292 0.99489255
H 0.1300465  0.06422014 0.91887612 0.89216754
H 0.84840679 0.78081852 0.19924935 0.04437999
H 0.95649047 0.91958158 0.11039332 0.14564201
D 0.83245434 0.10186281 0.13476924 1.00476811
D 0.90144461 0.15252342 0.01894271 0.88871481
V 0.89548795 0.03440267 0.87746863 0.10245454
D 0.86281069 0.18474828 0.07264651 0.94164693
V 0.86927545 0.08513001 0.80638901 0.09352024
D 0.87635699 0.18500057 0.11114401 0.8621619 
D 0.93446939 0.05120229 0.1703366  0.85976514
H 0.91053741 0.91773983 0.13792138 0.16384879
V 0.05688794 0.88856884 0.11384622 1.03652174
D 0.92570413 0.02959697 0.18001995 0.97429778
D 0.94422393 0.1331021  0.20486141 0.87761814
D 0.85176407 0.10935749 0.07059313 0.91980897
V 0.89758089 0.1893133  0.85354098 0.14180226
H 0.89253169 0.95111663 0.05010882 0.15243629
H 0.92648018 0.88839283 0.17770335 0.11049682
D 0.90928561 0.12102567 0.07337953 0.90260172
D 0.90523785 0.08547155 0.18807763 0.75373517
H 0.05002036 0.14328152 0.88355439 0.94491633
V 0.11525624 0.82498173 0.09101738 0.86847674
V 1.00611413 0.07586719 0.82062678 0.17163306
D 0.96748067 0.11740568 0.11457248 0.88368324
V 0.84237299 0.17189668 0.93224333 0.07128592
D 0.96860994 0.12938248 0.01467754 0.8918978 
D 0.85753464 0.1431117  0.06667979 0.84282348
D 0.81758119 0.07756408 0.08127161 0.92287031
V 0.87843551 0.11871513 1.00878185 0.1163118 
H 0.15150402 0.18777281 0.84758991 0.82459345
D 0.84326783 0.11270744 0.10617424 0.79998036
V 0.00108202 0.95215906 0.02902443 0.88246029
H 0.08541203 0.18876081 0.84827045 0.9006999 
D 0.85468346 0.03223897 0.05270325 0.8551821 
H 0.13029328 0.05228461 0.88634151 0.98353506
D 0.89730642 0.14571954 0.12312188 0.81174284
D 0.93810481 0.1114183  0.11295632 0.94611989
D 0.87445439 0.16275255 0.03711751 0.89321723
H 0.91878668 0.92592528 0.07565241 0.02938654
V 0.0630575  0.90555849 0.21250569 0.94207395
V 0.12920896 0.92187402 0.0563488  0.92010882
H 0.21349855 0.1166628  0.91766072 0.91719665
H 0.8789664  0.88497208 0.00967324 0.07187402
V 0.91447955 0.08114278 0.86537631 0.05833607
H 0.13129045 0.11989945 0.91742345 0.88324309
V 0.87244528 0.01039384 0.9189236  0.10938062
D 0.92536397 0.10450973 0.10814165 0.95856747
H  0.93932939  0.85516073  0.05430222 -0.01030453
D 0.8751507  0.15976688 0.11476123 0.9677672 
D 0.86880607 0.13155918 0.11867316 0.87323785
V 0.06382702 0.96218204 0.09669588 0.87442964
V 0.87697594 0.03836336 0.89956137 0.09756826
H 0.12202212 0.08209398 0.87933079 0.8629125 
V 0.95247908 0.11109227 0.89464557 0.13471393
V 0.08173859 0.97376904 0.1763365  1.01108699
V 0.14924252 0.90270606 0.09791108 0.85295579
H 0.16443072 0.06772576 0.84405484 1.02233233
H 0.89205012 0.82167702 0.18144985 0.11832985
D 0.9016626  0.07866573 0.07064668 0.8645282 
D 0.92664283 0.03862459 0.15686244 0.90298852
V 0.8888181  0.08441008 0.89909638 0.1131708 
D 0.95640476 0.14514624 0.09548293 0.82161623
H 0.08002789 0.19663821 0.82531437 0.91052906
H 0.05501917 0.02827926 0.88199305 0.98955227
D  8.40213423e-01  1.54842830e-01 -9.16722667e-05  9.12858438e-01
H 0.90601461 0.98852208 0.14890119 0.14272281
H 0.86244105 0.86154254 0.04362192 0.14926863
V 0.95097673 0.14611696 1.02403395 0.06105437
H 0.75925996 0.94158042 0.14180698 0.20252909
H 0.04827723 0.12647932 0.95723248 0.88182144
V -0.00236706  0.96417073  0.22509057  0.88356306
D 0.82844102 0.05865632 0.12031786 0.97506898
D 0.80548876 0.12475699 0.04838769 0.85989823
D 0.85644993 0.08611614 0.11275544 0.8882266 
H 0.96703941 0.89903466 0.120955   0.06000239
V 0.15453692 0.87439378 0.05183294 0.88481674
D 0.85036527 0.0998381  0.20443937 0.94191993
V 0.09838279 0.87328562 0.19817422 0.90233034
D 0.924468   0.05692891 0.12378232 0.8537315 
H 0.0474971  0.03285595 0.93425982 0.91145424
H 0.85975263 0.91087605 0.07985877 0.12137453
D 0.80049546 0.10009119 0.1028612  0.91736602
H -0.04377652  0.11355045  0.78674038  0.88283995
V 0.07688361 0.87252022 0.05062015 0.90844423
V  0.89108175 -0.00512218  1.04906756  0.02039746
D 0.9706228  0.11635768 0.05124123 0.853995  
D 0.94802319 0.15171579 0.01689064 0.83181578
D  0.94116772 -0.02015285  0.05484066  0.91890409
H 0.01922922 0.17194835 0.94846017 0.91714821
H 0.0734288  0.1068341  0.96632183 0.86354772
V 0.84561748 0.10127936 0.97718438 0.084141  
D 0.89022235 0.11144069 0.12412539 0.8315149 
V 0.98352948 0.03347367 0.93432402 0.16823459
D 0.90944106 0.09208116 0.09648317 0.89691145
H 0.12546778 0.08223806 0.86823874 0.95564272
V 0.07750213 0.92034005 0.16874606 0.94172617
H 0.9125651  0.92326461 0.04890517 0.03944235
H 0.05388587 0.13764834 0.84768323 0.81156181
H 0.1370752  0.18239214 0.9275509  0.9678113 
V 0.99589889 0.08786371 0.92978577 0.10546284
D 0.9150659  0.09071442 0.11943114 0.93361254
H 0.94165947 0.92079723 0.13082577 0.08908041
V 0.03863712 0.92875903 0.11402954 0.94520996
H 0.00789703 0.1701694  0.87061681 0.92914853
H 0.87493764 0.88319522 0.03487516 0.17572004
D 0.82394825 0.05548732 0.10593533 0.79931217
H 0.09195344 0.15337173 0.93633688 0.82438958
H 0.05960294 0.02609108 0.8837226  0.96018025
V 0.0351656  0.82044207 0.10277909 0.97250266
H 0.16995617 0.19241689 0.86434585 0.92314592
H 0.11148109 0.1481998  0.85254447 0.80775004
D 0.83345124 0.03658281 0.15314358 0.83346261
H  0.82202522  0.96362156  0.16929802 -0.03225501
V 0.07113377 0.96164482 0.13679206 0.92922165
H 0.88609653 0.8281087  0.11186891 0.11957199
D 0.88968189 0.13377727 0.06870327 1.00227233
H 8.64697774e-02 4.53997280e-04 8.50749752e-01 9.54868501e-01
V 0.87348645 0.04662716 0.91999874 0.11979515
D 0.98988171 0.1363848  0.16560104 0.84407185
H -0.06829434  0.06351387  0.90143985  0.89185453
H 0.12405208 0.16926806 0.92643055 0.86964541
H 0.14081123 0.14423047 0.94581659 0.85037043
V 1.60542520e-01 9.41462911e-01 5.28883129e-04 8.68318950e-01
D 0.88873876 0.13564146 0.13225016 0.94113318
H 1.00153191 0.98159295 0.05623094 0.08057661
H 0.02943203 0.0642219  0.86464032 0.9137334 
D 0.85773126 0.12380282 0.04617411 0.97094147
V 0.87487578 0.13178248 0.89027138 0.14352019
D 0.97149087 0.11894813 0.04024582 0.92600647
H 0.82943534 0.84318019 0.04399074 0.06559928
H 0.11041251 0.13176907 0.86547499 1.01582195
V 0.08728937 0.94529571 0.12042178 0.95096062
H 0.1243632  0.02153811 1.00689922 1.01500976
D  0.93150567 -0.01072825  0.08981562  0.8384022 
D 0.90812648 0.12014793 0.06688274 0.98479987
H 0.90543799 0.94533557 0.11653597 0.16372558
H 0.86121168 0.85342285 0.08230796 0.06072688
V 0.83380138 0.11271304 0.83334196 0.11677155
V 0.8969106  0.11854903 0.87180819 0.10418674
V 0.04158415 1.00415426 0.0613087  0.86587259
H 0.88146043 0.92892368 0.06719216 0.06261013
H 0.09909481 0.09464915 0.85061902 0.9107744 
H 0.10120389 0.0994017  0.89224693 0.88202298
H 0.90282837 0.91741692 0.13994344 0.17954257
H 0.09441113 0.14142787 0.93075966 0.89413966
H 0.82947523 0.8748614  0.15676197 0.07367203
D 0.82364023 0.10546879 0.05976972 0.86210164
V 0.85832313 0.1372509  0.85437461 0.11815644
D 0.83962111 0.18555405 0.06398614 0.93932313
D 0.96610742 0.07034475 0.06920936 0.92086356
H 0.93358106 0.91764756 0.19676675 0.09116166
H 0.80021614 0.93145013 0.15790698 0.10766937
D 0.99071414 0.15385869 0.08543144 0.84310183
V 0.99281254 0.14330955 0.86676148 0.10302764
V 0.83218835 0.12648915 0.91334764 0.18696604
V 0.88964526 0.19240422 0.8651431  0.15425045
H 0.86114482 0.87757708 0.03523513 0.06089323
V 0.11312922 0.88298092 0.0655834  0.82123555
D 0.89527347 0.09631284 0.18688691 0.91640334
D 0.83475576 0.09030123 0.16453037 1.02305461
D 0.90684102 0.08956285 0.04069711 0.97968206
V 0.15556961 0.80320742 0.10880969 0.863326  
V 0.06340201 0.86590572 0.07029423 0.96853105
V 0.81070525 0.09534714 0.90411006 0.07667058
V 0.10194255 0.87576846 0.09065485 0.99299313
H 0.95388209 0.94022932 0.03826166 0.0438708 
D  0.94190556 -0.02822466  0.09025789  0.88674084
V 0.90429572 0.14002493 0.92325957 0.08364328
D 0.91029499 0.01797812 0.0387577  0.92053684
D 0.88171923 0.14151495 0.14371099 0.84325362
V 0.87502955 0.12204057 0.91370127 0.15092062
H 0.97752253 0.90237595 0.1515283  0.1581189 
H 0.14192738 0.11087783 0.89546766 0.94521943
V 0.07912689 0.97726938 0.04928761 0.86657482
D 0.95815929 0.10760554 0.19907966 0.85283436
V 0.84688872 0.13389523 0.92482068 0.10914917
V 0.13309916 0.91932931 0.14963792 0.81174961
V 0.81652674 0.12216242 0.92201591 0.06365868
V -0.00964438  0.86149036  0.09977673  0.90838862
V 0.9247794  0.11372045 0.9765589  0.15155414
D 0.91184187 0.16701638 0.0547854  0.94400131
D 0.81201376 0.05777886 0.06740303 0.90061363
D 0.89539619 0.11249456 0.13133707 0.97820821
D 0.90874592 0.07765549 0.06275759 0.88291485
H 0.04363434 0.03164201 0.87444546 0.97104717
D 0.85658403 0.0925892  0.05067573 0.96171342
H 0.87494823 0.99859784 0.12388672 0.12880562
V 0.85534419 0.15405589 0.92324836 0.11389336
D 0.83222268 0.08830673 0.07097815 0.83512701
H 0.89354619 0.92832443 0.16462742 0.09666492
H 0.82607015 0.90413157 0.00183998 0.13782576
H 0.9131843  0.89374934 0.07357858 0.11335479
V 0.05196411 0.89780989 0.00367666 0.89211387
D 0.96897504 0.12364152 0.08953923 0.92614412
V 0.09357609 0.90245185 0.10880541 0.85773614
V 0.95897631 0.10577265 0.86754824 0.11983115
V 0.83117817 0.05481376 0.80581641 0.03295077
H 0.89799646 0.89403741 0.0485725  0.16953179
V 0.11206152 0.82061425 0.14938585 0.92781177
H 0.95643132 0.95321151 0.12575858 0.11162816
D 0.83753608 0.13450205 0.10022089 0.8865471 
D 0.91615815 0.15601755 0.11523732 0.96090059
H 0.1238823  0.06296715 0.93645497 0.88808549
V 0.87307046 0.11939011 0.93469956 0.0803089 
H 0.00283497 0.05628241 0.85222458 0.90969761
V 0.06656115 0.84034373 0.1034696  0.82046671
D 0.94494579 0.09134712 0.08809646 0.83513832
V 0.86377478 0.08114907 0.96648906 0.10721807
V 0.03738921 0.9552022  0.05866619 0.90997618
D 0.82789676 0.01548276 0.01742649 0.85024815
V 0.95929271 0.03683752 0.97084188 0.04001195
H 0.88642857 0.97677211 0.11201774 0.12555537
H 0.07218338 0.09239521 0.92873332 0.8655411 
H 0.12621728 0.13269178 0.89623028 0.9377786 
D 0.97297428 0.25124563 0.12962595 0.8495036 
H 0.07689541 0.09854966 0.90592588 0.93319628
D  0.84990191 -0.0097054   0.11558172  0.89539617
V 0.00502968 0.89503048 0.12054864 0.89081835
D 0.89138101 0.13282245 0.08636397 0.91485643
V 0.11373194 0.82129064 0.01514063 0.82465326
V 0.91512016 0.20157128 0.92434704 0.07367048
D 0.85965762 0.11399539 0.1604434  0.79724428
H 0.06581761 0.09538621 0.88218968 0.97004109
V 0.91460829 0.09955076 0.87850943 0.08901739
H 0.8763534  0.88752812 0.05274093 0.1226468 
H 0.89741601 1.01645259 0.07016453 0.13247183
H 0.09329341 0.04661711 0.95396458 0.79437009
H 0.98705147 0.89299851 0.11036176 0.00113906
V 0.08861578 0.9269486  0.11404586 0.86482143
H 0.14269809 0.08040898 0.96842305 0.86837458
H 0.92177718 0.97521696 0.10246035 0.07663071
V 0.99684281 0.15013862 0.931094   0.06563901
V 0.08700463 0.90761373 0.1335928  0.92064212
V 0.83717996 0.10461374 0.98158146 0.01156165
V  0.92711221  0.07065604  0.97266517 -0.02238848
H 0.14132185 0.11806951 0.82741169 0.82235637
H 0.20237305 0.03646669 0.89428867 0.9035733 
H 0.12247199 0.13526992 0.91338479 0.88879177
H 0.85033472 0.89982199 0.07200699 0.01961666
H 0.7953017  0.95331117 0.19921694 0.05235064
H  0.83678628  0.88065203  0.14263368 -0.02099338
D 0.90900657 0.04135649 0.05187164 0.83675604
V 0.89721534 0.12290238 0.88938398 0.120835  
V 0.13865208 0.74906429 0.05494962 0.86755273
H -8.27108514e-04  3.13579156e-02  9.32148526e-01  9.20130762e-01
H 0.85652369 0.86107015 0.13221384 0.05100288
H 0.91246479 0.89369563 0.16700528 0.13422204
H 0.11190746 0.07624623 0.96787715 0.88002621
H 0.04244167 0.10894695 0.95382909 0.95683561
V  0.89897692 -0.0227859   0.90970505  0.12513966
D 0.83964835 0.09108843 0.09585519 0.84670029
H 0.95355471 0.86585803 0.07979777 0.09114701
H 0.93549273 0.94185563 0.08628697 0.07280658
H 0.92352969 0.94062432 0.09144211 0.10966504
H 0.0665089  0.11334288 0.8673835  0.84692764
V 0.9091899  0.03226603 0.84652788 0.10623665
V 0.90674882 0.08916823 0.90671922 0.08981478
V 0.12858893 0.82383692 0.05474137 0.90264814
H 0.83834574 0.84792339 0.10415509 0.06911338
D 0.82782075 0.18728687 0.10415489 0.94556192
V 0.05287632 0.97552932 0.18471745 0.79589149
H 0.83058861 0.80922142 0.07530131 0.231797  
V 0.84379156 0.11589262 0.90488161 0.06181907
D 0.95886928 0.18059635 0.17281969 0.85232275
H 0.91950749 0.93381729 0.10250462 0.11546838
H 0.79988811 0.90287591 0.18588653 0.11353248
H 0.15622265 0.08212915 0.88035332 0.86390302
H 0.84959918 0.8573627  0.18477149 0.12358626
H 0.16895899 0.13008194 0.86079448 0.93921768
V 1.01350989 0.09200721 0.95850001 0.09145118
V 0.16630137 0.89239543 0.07716371 0.91669187
H 0.1402296  0.13104146 0.87604841 0.87961299
V 0.94415995 0.09668648 0.89175159 0.16488395
D 0.94642106 0.20278338 0.13944544 0.96426206
D 0.87342057 0.06121824 0.10060507 0.88898067
H 0.96938422 0.89868799 0.0773062  0.12354703
V 0.97063686 0.18451261 0.95003508 0.15714485
D 0.9338656  0.07123295 0.2307732  0.8048425 
H 0.06320639 0.11545851 0.84753043 0.85033136
H 0.86005757 0.84428789 0.05998836 0.09547444
V 0.93589613 0.02192355 0.94712378 0.1264108 
V -0.02427374  0.91953988  0.02462734  0.91919648
H 0.89477119 0.87230462 0.00354765 0.14456095
V 0.06153489 0.99725478 0.09639567 0.88872794
D 0.92174832 0.04590144 0.11280933 0.91817465
H 0.88264284 0.96910751 0.13540196 0.03178598
H 0.84114813 0.89044962 0.07882235 0.07800187
D 0.88841884 0.09528459 0.2370859  0.95799553
H 0.15882509 0.00221505 0.88722428 0.83464209
H 0.90126854 0.95882078 0.19833629 0.09646708
H 0.92070248 0.87095135 0.12030552 0.12097129
H 0.12143139 0.09934021 0.91004375 0.9305154 
H 0.10907493 0.20361413 0.97628878 0.95384685
H 0.8928566  0.8915286  0.14915073 0.14347338
D 0.95068442 0.16032075 0.19912828 0.81278966
V 0.08561638 0.8969097  0.06144258 0.97753517
V 0.995384   0.11714558 0.89745855 0.11522893
V 0.87925992 0.15039575 0.88658223 0.02937815
H 0.97961846 0.92712358 0.0550125  0.12018223
V 0.10526595 0.87011796 0.10961842 0.954466  
H 0.12034748 0.13846082 0.86555268 0.96410954
D 0.92785743 0.0543401  0.07600438 0.78689294
D 0.88136501 0.04524579 0.22390084 0.87522822
D 0.92409519 0.05303693 0.09641121 0.7827589 
V  0.11505745  0.88272207 -0.01511718  0.90795923
V 0.92228521 0.07458412 0.92415219 0.03861116
V 0.08630715 0.84805523 0.07646277 0.90743282
D 0.86817377 0.16763408 0.0861467  0.84166869
H  0.91506859  0.86713563 -0.02008674  0.13679428
V 0.05888356 0.85346376 0.15081729 0.91234367
H 0.06977697 0.08680498 0.91832617 0.86391687
D 0.88486009 0.1167649  0.0734123  0.92758053
V 0.17056903 1.01839184 0.0197458  0.88890071
D 0.94983399 0.12904561 0.06904394 0.94111395
H 0.1610304  0.12880737 0.81661866 0.92751387
V 0.13205356 0.96849235 0.06809162 0.89783882
H 0.90408892 0.91939473 0.16875184 0.13399745
D 0.93406213 0.16365611 0.00225173 0.90182737
H 0.90525559 0.90185556 0.14729762 0.21673262
D 0.8664089  0.13535246 0.10005764 0.94951712
H 0.97052343 0.9716192  0.04589266 0.05973696
V 0.15728645 0.97442876 0.12833749 0.94783153
H 0.87751234 0.84589075 0.03532079 0.12301228
V 0.84914325 0.18260209 0.97197514 0.16598264
D  0.87648569 -0.0133775   0.13913267  0.89958539
H 0.82495183 0.91358515 0.16456474 0.12919297
H 0.93196765 0.91095815 0.11398347 0.15022106
D 0.97156092 0.14683619 0.10928267 0.88145883
H 0.96874571 0.88964255 0.2434232  0.07103003
H 0.98783487 0.99139056 0.18496072 0.08890882
H 0.11023887 0.03461912 0.87168052 0.92049234
H 0.05406028 0.07800899 0.87432136 0.80355576
V 0.92416642 0.16894409 0.94786998 0.1472686 
D 0.97230491 0.04770108 0.08873385 0.85289368
D 0.93113688 0.02010143 0.03251236 0.84182526
V 0.05663147 0.86586583 0.02255118 0.93026347
H 1.03363454 0.89083919 0.11785578 0.05045809
V 0.87949775 0.14970516 0.86549183 0.07067861
H 0.08757438 0.08981904 0.89450748 0.91108067
H 0.85639782 0.89303185 0.08830653 0.07707857
H 0.80344693 0.90540576 0.01217602 0.08400446
D 0.94147463 0.02571231 0.04018932 0.8482732 
H 0.89118354 0.9411758  0.04050813 0.13021203
H 0.84957027 0.99767371 0.170416   0.13649492
H 0.02016309 0.02932528 0.97453141 0.80385937
H 0.08173589 0.11029638 1.0012325  0.94610811
D 0.91171348 0.13562959 0.07814275 0.93426972
H 0.04219521 0.16328866 0.9087724  0.8719393 
V -0.05455296  0.92086657  0.10260464  0.94579628
V 0.14722978 0.835677   0.02752842 0.90189473
H 0.09399529 0.09396731 0.93397226 0.91591249
H 0.17361405 0.14594085 0.95686279 0.93899805
D 0.8645522  0.15488156 0.01675869 0.85788234
D 0.91433792 0.10645576 0.04917164 0.8997933 
V 0.80712495 0.1536107  0.83299971 0.15000827
V 0.08553922 0.86741805 0.10132114 0.87416386
D 0.93662175 0.09037162 0.11383963 0.82744244
D 0.94934998 0.0364379  0.08126097 0.92122035
H 0.89255758 0.94589717 0.06569312 0.07636026
V 0.02813371 0.8692862  0.13251353 0.89481026
D 0.8854913  0.09793389 0.11446405 0.8980682 
D 0.89096351 0.15331443 0.09547903 0.89453602
V 0.88140035 0.07932446 0.90640669 0.12872693
D 0.93533867 0.08040683 0.16113327 0.93733106
V 0.09073046 1.00424343 0.16255149 0.77760399
V 0.87408792 0.09217013 0.96428955 0.09425862
D 0.82301541 0.09766397 0.0907138  0.98785893
D 0.90419883 0.09208367 0.14304073 0.89316552
V 0.12126897 0.95652619 0.13737552 0.77419835
H 0.0752568  0.08647845 0.90993432 0.90169826
V 0.09044392 0.90977677 0.04243508 0.86690722
D 0.98194414 0.13015749 0.11378117 0.88006506
H 0.07475679 0.15307938 0.92749772 0.85129863
H 0.12854362 0.12473532 0.81880102 0.84525939
D 0.90533678 0.20336553 0.13379345 0.88872459
V 0.08272177 0.90226412 0.08855546 0.89519316
D 0.93497484 0.0951173  0.08774291 0.87587781
V 0.86786848 0.1164535  0.91656738 0.09098617
V 0.96440525 0.08259136 0.90481463 0.03474365
H 1.04445547 0.87868134 0.09601034 0.11838252
H 0.8661636  0.93364536 0.03234108 0.11578753
V 0.15137851 0.92522627 0.07238712 0.87364604
D 0.93135933 0.01408719 0.03422599 0.90482256
H -0.02211845  0.05289883  0.93735883  0.89946115
H 0.1371234  0.07952185 0.85101634 0.84121298
H 0.09715293 0.03505661 0.88659157 0.84948253
V 0.85784608 0.07645958 0.94379675 0.14528855
V 0.86513848 0.13572208 0.9205396  0.10357786
H 0.84643926 0.89696086 0.07957437 0.09326551
D 0.98492565 0.11276206 0.23797429 0.89519376
V 0.91089153 0.11554461 0.87223666 0.08860741
H 0.90036939 0.89457172 0.04454984 0.10014854
D  0.95375281 -0.0294747   0.1113042   0.94773998
V 0.07363428 0.9627691  0.01161561 0.86993527
H 0.07065958 0.11401782 0.9484634  0.89139374
D 0.91664637 0.07518218 0.07882371 0.97575452
D 0.84464109 0.10045388 0.08210077 0.84319445
V 0.08534242 0.9143719  0.25965455 0.92265714
H 0.82224134 0.87216507 0.09169956 0.1867167 
V 0.87710478 0.07741923 0.95474987 0.06694759
H 0.05784196 0.03051351 1.01024165 0.9530833 
H 0.86532702 0.82905411 0.13920698 0.14513513
D 0.89617682 0.16417667 0.07102856 0.96435471
V 0.86780998 0.1200516  0.84555356 0.03699564
D 0.88464207 0.01926242 0.0434173  0.83809112
V 0.07303829 0.95486091 0.05218538 0.91219801
V 0.98643979 0.08081397 0.84272261 0.08618079
H 0.00171883 0.13002133 0.86159468 0.80012736
V 0.82674823 0.20277058 0.93531855 0.09576019
D 0.96887276 0.18570778 0.06720168 0.98266775
D 0.87433829 0.04380435 0.10124521 1.04631713
V 0.91160437 0.11777595 0.84383775 0.03555612
V 0.07187911 0.85831531 0.11387284 0.84994196
V 0.15027344 0.89037733 0.09466158 0.94719845
D 0.83266366 0.05909436 0.09647579 0.88458904
H 0.14154406 0.18974594 0.95296836 0.95160619
